108789
630439
96911
729949
387692
320611
269393
219948
616240
943181
928974
626991
410919
661324
236873
842487
42678
116736
25302
780945
253421
372743
839061
47870
305673
4186
86558
162544
622331
358773
370282
820103
905834
753221
405391
346729
872492
657467
426068
347269
354753
291078
259957
122914
157293
646375
763134
383791
970958
922821
176649
856966
958850
840007
126520
816326
147737
547794
282276
958126
6406
293659
886343
747034
925373
367416
266334
873463
945214
132528
687202
208204
58815
178789
660126
843861
966098
772393
254786
64509
306687
763964
15841
866369
921882
641842
719853
838314
358573
946347
744255
850599
849143
569889
452560
82065
708054
946098
17045
440252
